0.06
0.04
0.03
0.03
0.03
0.03
0.03
0.03
0.03
0.03
0.02
0.02
0.02
0.02
0.02
0.02
0.02
0.02
0.02
0.02
0.02
0.02
0.01
0.01
0.01
0.02
0.01
0.01
0.01
0.01
0.02
0.01
0.01
0.01
0.01
0.01
0.01
0.01
0.01
0.01
0.01
0.01
0.01
0.01
0.01
0.01
0.01
0.01
0.01
0.01
0.01
0.01
0.01
0.01
0.01
0.01
0.01
0.01
0.01
0.01
0.01
0.01
0.01
0.01
0.01
0.01
0.01
0.01
0.04
0.03
0.02
0.02
0.02
0.02
0.02
0.02
0.02
0.01
0.01
0.01
0.01
0.01
0.01
0.01
0.01
0.01
0.01
0.01
0.01
0.01
0.01
0.01
0.01
0.01
0.01
0.01
0.08
0.08
0.05
0.04
0.04
0.03
0.03
0.03
0.02
0.02
0.02
0.03
0.03
0.02
0.02
0.02
0.02
0.02
0.01
0.02
0.01
0.01
0.01
0.01
0.01
0.01
0.01
0.01
0.01
0.01
0.01
0.01
0.01
0.01
0.01
0.01
0.01
0.01
0.01
0.01
0.07
0.07
0.05
0.05
0.04
0.04
0.03
0.03
0.03
0.03
0.02
0.02
0.02
0.02
0.02
0.02
0.02
0.02
0.02
0.02
0.02
0.02
0.01
0.02
0.01
0.01
0.01
0.01
0.01
0.01
0.01
0.01
0.01
0.01
0.01
0.01
0.01
0.01
0.01
0.01
0.01
0.01
0.01
0.0
0.0
0.0
0.07
0.08
0.06
0.02
0.05
0.07
0.01
0.01
0.02
0.02
0.02
0.01
0.02
0.01
0.01
0.02
0.02
0.02
0.02
0.02
0.01
0.01
0.01
0.01
0.01
0.01
0.01
0.01
0.01
0.01
0.01
0.01
0.01
0.01
0.01
0.01
0.01
0.01
0.01
0.01
0.01
0.04
0.02
0.02
0.03
0.03
0.02
0.02
0.02
0.01
0.01
0.01
0.01
0.01
0.01
0.01
0.01
0.01
0.01
0.01
0.01
0.01
0.01
0.01
0.01
0.01
0.01
0.01
0.01
0.01
0.01
0.0
0.01
0.02
0.01
0.02
0.07
0.03
0.04
0.02
0.06
0.02
0.03
0.04
0.03
0.03
0.0
0.03
0.04
0.01
0.03
0.01
0.01
0.01
0.01
0.01
0.01
0.01
0.03
0.03
0.01
0.01
0.01
0.02
0.04
0.06
0.01
0.08
0.01
0.01
0.01
0.04
0.05
0.02
0.04
0.02
0.04
0.03
0.05
0.04
0.09
0.05
0.01
0.02
0.05
0.04
2.2
0.17
0.06
0.09
0.07
0.07
0.01
0.12
0.08
0.01
0.01
0.01
0.01
0.01
0.01
0.01
0.01
0.02
0.01
0.01
0.02
0.03
0.01
0.01
0.02
0.03
0.02
0.01
0.01
